[714.0, 0]
[723.9200000000004, 0]
[732.3200000000011, 0]
[737.2800000000005, 0]
[753.3200000000002, 0]
[738.4000000000003, 0]
[754.3600000000023, 0]
[740.6000000000016, 0]
[733.2400000000015, 0]
[725.1600000000018, 0]
[734.6400000000037, 0]
[719.4400000000032, 0]
[730.0800000000032, 0]
[717.6800000000035, 0]
[721.0400000000054, 0]
[720.6000000000049, 0]
[725.1200000000049, 0]
[717.0400000000053, 0]
[725.8000000000067, 0]
[710.6000000000064, 0]
[706.4800000000065, 0]
[723.6000000000066, 0]
[719.3200000000078, 0]
[737.160000000008, 0]
[739.8800000000082, 0]
[740.0000000000098, 0]
[731.6400000000089, 0]
[740.1200000000096, 0]
[739.6000000000098, 0]
[729.6400000000109, 0]
[736.7600000000103, 0]
[743.0800000000111, 0]
[749.7600000000112, 0]
[745.2000000000123, 0]
[739.0000000000119, 0]
[755.0400000000126, 0]
[749.480000000013, 0]
[640.5600000000123, 0]
[550.4000000000135, 0]
[750.6800000000134, 0]
[654.2400000000139, 0]
[555.8000000000152, 0]
[756.0800000000148, 0]
[679.8000000000154, 0]
[572.7200000000169, 0]
[766.1600000000161, 0]
[689.0400000000168, 0]
[675.8400000000171, 0]
[539.2400000000184, 0]
[754.6400000000178, 0]
[686.1600000000185, 0]
[673.6800000000187, 0]
[755.3600000000195, 0]
[680.0400000000204, 0]
[688.4400000000202, 0]
[763.280000000023, 0]
[640.0800000000244, 0]
[813.0400000000042, 0]
[657.0800000000069, 0]
[676.2000000000085, 0]
[571.2800000000097, 0]
[764.0000000000078, 0]
[666.7200000000084, 0]
[597.4800000000115, 0]
[787.6800000000093, 0]
[687.8800000000098, 0]
[714.9200000000114, 0]
[629.440000000013, 0]
[719.8400000000112, 0]
[741.8400000000128, 0]
[639.0800000000146, 0]
[740.2800000000126, 0]
[763.3600000000142, 0]
[694.4400000000157, 0]
[579.2400000000165, 0]
[779.0800000000139, 0]
[792.8000000000158, 0]
[[17.96, 0], [217.96, 0], [517.96, 0], [617.96, 0]]
[[39.12000000000032, 0], [239.12000000000052, 0], [539.120000000001, 0], [639.1200000000005, 0]]
[[31.56000000000032, 0], [231.5600000000005, 0], [531.5600000000011, 0], [631.5600000000005, 0]]
[[23.64000000000032, 0], [223.64000000000053, 0], [523.6400000000011, 0], [623.6400000000006, 0]]
[[15.00000000000032, 0], [215.0000000000005, 0], [515.0000000000011, 0], [615.0000000000006, 0]]
[[6.00000000000032, 0], [206.0000000000005, 0], [506.00000000000114, 0], [606.0000000000006, 0]]
[[39.76000000000141, 0], [239.76000000000158, 0], [539.7600000000027, 0], [639.7600000000018, 0]]
[[32.20000000000141, 0], [232.20000000000158, 0], [532.2000000000028, 0], [632.2000000000019, 0]]
[[24.280000000001408, 0], [224.2800000000016, 0], [524.2800000000028, 0], [624.2800000000019, 0]]
[[16.360000000001406, 0], [216.3600000000016, 0], [516.3600000000029, 0], [616.360000000002, 0]]
[[8.440000000001406, 0], [208.44000000000162, 0], [508.44000000000284, 0], [608.440000000002, 0]]
[[0.5200000000014064, 0], [200.52000000000163, 0], [500.5200000000028, 0], [600.520000000002, 0]]
[[36.44000000000307, 0], [236.44000000000364, 0], [536.4400000000041, 0], [636.4400000000034, 0]]
[[27.080000000003068, 0], [227.08000000000362, 0], [527.0800000000041, 0], [627.0800000000033, 0]]
[[18.800000000003067, 0], [218.80000000000362, 0], [518.8000000000042, 0], [618.8000000000034, 0]]
[[10.880000000003067, 0], [210.88000000000363, 0], [510.88000000000415, 0], [610.8800000000034, 0]]
[[3.320000000003067, 0], [203.32000000000363, 0], [503.32000000000414, 0], [603.3200000000035, 0]]
[[38.88000000000484, 0], [238.88000000000545, 0], [538.8800000000057, 0], [638.8800000000049, 0]]
[[31.320000000004843, 0], [231.32000000000545, 0], [531.3200000000057, 0], [631.3200000000049, 0]]
[[23.760000000004844, 0], [223.76000000000545, 0], [523.7600000000058, 0], [623.760000000005, 0]]
[[16.200000000004845, 0], [216.20000000000545, 0], [516.2000000000058, 0], [616.200000000005, 0]]
[[7.560000000004845, 0], [207.56000000000546, 0], [507.56000000000586, 0], [607.5600000000051, 0]]
[[34.48000000000653, 0], [234.48000000000712, 0], [534.4800000000076, 0], [634.4800000000067, 0]]
[[26.920000000006528, 0], [226.92000000000712, 0], [526.9200000000077, 0], [626.9200000000068, 0]]
[[19.00000000000653, 0], [219.00000000000713, 0], [519.0000000000077, 0], [619.0000000000068, 0]]
[[10.72000000000653, 0], [210.72000000000713, 0], [510.72000000000776, 0], [610.7200000000068, 0]]
[[2.8000000000065306, 0], [202.80000000000715, 0], [502.80000000000774, 0], [602.8000000000069, 0]]
[[34.40000000000826, 0], [234.40000000000893, 0], [534.4000000000092, 0], [634.4000000000084, 0]]
[[26.48000000000826, 0], [226.48000000000894, 0], [526.4800000000092, 0], [626.4800000000084, 0]]
[[18.92000000000826, 0], [218.92000000000894, 0], [518.9200000000093, 0], [618.9200000000085, 0]]
[[11.360000000008263, 0], [211.36000000000894, 0], [511.3600000000093, 0], [611.3600000000085, 0]]
[[3.440000000008263, 0], [203.44000000000895, 0], [503.44000000000926, 0], [603.4400000000086, 0]]
[[33.600000000009814, 0], [233.60000000001037, 0], [533.600000000011, 0], [633.6000000000101, 0]]
[[26.040000000009815, 0], [226.04000000001037, 0], [526.0400000000111, 0], [626.0400000000102, 0]]
[[18.480000000009817, 0], [218.48000000001036, 0], [518.4800000000112, 0], [618.4800000000103, 0]]
[[10.560000000009817, 0], [210.56000000001038, 0], [510.56000000001114, 0], [610.5600000000103, 0]]
[[3.000000000009817, 0], [203.00000000001037, 0], [503.00000000001114, 0], [603.0000000000103, 0]]
[[34.240000000011605, 0], [234.24000000001226, 0], [534.2400000000124, 0], [634.2400000000117, 0]]
[[25.960000000011604, 0], [225.96000000001226, 0], [525.9600000000124, 0], [625.9600000000117, 0]]
[[18.040000000011602, 0], [218.04000000001227, 0], [518.0400000000125, 0], [618.0400000000118, 0]]
[[10.120000000011602, 0], [210.12000000001228, 0], [510.12000000001245, 0], [610.1200000000118, 0]]
[[2.2000000000116025, 0], [202.2000000000123, 0], [502.20000000001244, 0], [602.2000000000119, 0]]
[[39.20000000001336, 0], [239.2000000000141, 0], [539.200000000014, 0], [639.2000000000133, 0]]
[[31.28000000001336, 0], [231.2800000000141, 0], [531.2800000000141, 0], [631.2800000000134, 0]]
[[23.360000000013358, 0], [223.3600000000141, 0], [523.3600000000141, 0], [623.3600000000134, 0]]
[[15.440000000013358, 0], [215.44000000001412, 0], [515.4400000000142, 0], [615.4400000000135, 0]]
[[6.080000000013358, 0], [206.08000000001414, 0], [506.08000000001414, 0], [606.0800000000135, 0]]
[[38.400000000014984, 0], [238.400000000016, 0], [538.4000000000159, 0], [638.4000000000151, 0]]
[[30.120000000014983, 0], [230.120000000016, 0], [530.1200000000159, 0], [630.1200000000151, 0]]
[[22.560000000014984, 0], [222.560000000016, 0], [522.560000000016, 0], [622.5600000000152, 0]]
[[15.000000000014985, 0], [215.000000000016, 0], [515.000000000016, 0], [615.0000000000152, 0]]
[[7.080000000014985, 0], [207.080000000016, 0], [507.080000000016, 0], [607.0800000000153, 0]]
[[32.20000000001653, 0], [232.20000000001778, 0], [532.2000000000174, 0], [632.2000000000164, 0]]
[[24.64000000001653, 0], [224.64000000001778, 0], [524.6400000000175, 0], [624.6400000000165, 0]]
[[16.720000000016533, 0], [216.7200000000178, 0], [516.7200000000175, 0], [616.7200000000165, 0]]
[[8.800000000016533, 0], [208.8000000000178, 0], [508.8000000000175, 0], [608.8000000000166, 0]]
[[1.2400000000165337, 0], [201.2400000000178, 0], [501.2400000000175, 0], [601.2400000000166, 0]]
[[33.92000000001812, 0], [233.9200000000191, 0], [533.9200000000191, 0], [633.9200000000181, 0]]
[[26.360000000018122, 0], [226.36000000001908, 0], [526.3600000000191, 0], [626.3600000000182, 0]]
[[18.800000000018123, 0], [218.80000000001908, 0], [518.8000000000192, 0], [618.8000000000183, 0]]
[[10.880000000018123, 0], [210.8800000000191, 0], [510.88000000001915, 0], [610.8800000000183, 0]]
[[3.3200000000181236, 0], [203.3200000000191, 0], [503.32000000001915, 0], [603.3200000000184, 0]]
[[38.52000000001962, 0], [238.5200000000207, 0], [538.5200000000208, 0], [638.5200000000199, 0]]
[[30.60000000001962, 0], [230.6000000000207, 0], [530.6000000000208, 0], [630.6000000000199, 0]]
[[22.680000000019618, 0], [222.68000000002073, 0], [522.6800000000209, 0], [622.68000000002, 0]]
[[14.400000000019618, 0], [214.40000000002073, 0], [514.4000000000209, 0], [614.40000000002, 0]]
[[6.120000000019619, 0], [206.12000000002072, 0], [506.1200000000209, 0], [606.12000000002, 0]]
[[35.20000000002109, 0], [235.2000000000224, 0], [535.2000000000224, 0], [635.2000000000214, 0]]
[[27.640000000021093, 0], [227.6400000000224, 0], [527.6400000000225, 0], [627.6400000000215, 0]]
[[20.080000000021094, 0], [220.0800000000224, 0], [520.0800000000226, 0], [620.0800000000215, 0]]
[[12.160000000021094, 0], [212.16000000002242, 0], [512.1600000000226, 0], [612.1600000000216, 0]]
[[4.600000000021095, 0], [204.60000000002242, 0], [504.6000000000226, 0], [604.6000000000216, 0]]
[[35.84000000002234, 0], [235.8400000000238, 0], [535.8400000000242, 0], [635.840000000023, 0]]
[[27.92000000002234, 0], [227.9200000000238, 0], [527.9200000000243, 0], [627.920000000023, 0]]
[[20.360000000022342, 0], [220.3600000000238, 0], [520.3600000000243, 0], [620.3600000000231, 0]]
[[12.800000000022344, 0], [212.8000000000238, 0], [512.8000000000244, 0], [612.8000000000231, 0]]
[[5.240000000022344, 0], [205.2400000000238, 0], [505.2400000000244, 0], [605.2400000000232, 0]]
[[37.03999999999999, 0], [237.03999999999996, 0], [537.0400000000001, 0], [637.0400000000001, 0]]
[[4.999999999999993, 0], [204.99999999999997, 0], [505.00000000000006, 0], [605.0000000000001, 0]]
[[37.32000000000022, 0], [237.32000000000102, 0], [537.3200000000011, 0], [637.3200000000005, 0]]
[[29.04000000000022, 0], [229.04000000000102, 0], [529.0400000000011, 0], [629.0400000000005, 0]]
[[20.40000000000022, 0], [220.400000000001, 0], [520.4000000000011, 0], [620.4000000000005, 0]]
[[12.480000000000219, 0], [212.480000000001, 0], [512.4800000000012, 0], [612.4800000000006, 0]]
[[3.8400000000002183, 0], [203.840000000001, 0], [503.84000000000117, 0], [603.8400000000006, 0]]
[[37.60000000000119, 0], [237.60000000000207, 0], [537.6000000000026, 0], [637.6000000000021, 0]]
[[29.680000000001186, 0], [229.68000000000208, 0], [529.6800000000027, 0], [629.6800000000021, 0]]
[[21.760000000001185, 0], [221.7600000000021, 0], [521.7600000000027, 0], [621.7600000000022, 0]]
[[12.040000000001184, 0], [212.0400000000021, 0], [512.0400000000027, 0], [612.0400000000021, 0]]
[[3.7600000000011846, 0], [203.7600000000021, 0], [503.7600000000027, 0], [603.7600000000022, 0]]
[[34.6400000000026, 0], [234.64000000000354, 0], [534.6400000000042, 0], [634.6400000000035, 0]]
[[26.7200000000026, 0], [226.72000000000355, 0], [526.7200000000042, 0], [626.7200000000036, 0]]
[[18.800000000002598, 0], [218.80000000000356, 0], [518.8000000000043, 0], [618.8000000000036, 0]]
[[11.240000000002599, 0], [211.24000000000356, 0], [511.2400000000043, 0], [611.2400000000036, 0]]
[[2.9600000000025997, 0], [202.96000000000356, 0], [502.9600000000043, 0], [602.9600000000037, 0]]
[[33.12000000000421, 0], [233.12000000000512, 0], [533.120000000006, 0], [633.1200000000051, 0]]
[[25.560000000004212, 0], [225.56000000000512, 0], [525.5600000000061, 0], [625.5600000000052, 0]]
[[17.640000000004214, 0], [217.64000000000513, 0], [517.6400000000061, 0], [617.6400000000052, 0]]
[[9.720000000004214, 0], [209.72000000000514, 0], [509.7200000000061, 0], [609.7200000000053, 0]]
[[2.1600000000042145, 0], [202.16000000000514, 0], [502.1600000000061, 0], [602.1600000000053, 0]]
[[34.840000000005986, 0], [234.84000000000694, 0], [534.8400000000075, 0], [634.8400000000067, 0]]
[[26.560000000005985, 0], [226.56000000000694, 0], [526.5600000000076, 0], [626.5600000000068, 0]]
[[19.000000000005986, 0], [219.00000000000693, 0], [519.0000000000076, 0], [619.0000000000068, 0]]
[[11.080000000005986, 0], [211.08000000000695, 0], [511.0800000000076, 0], [611.0800000000069, 0]]
[[3.520000000005987, 0], [203.52000000000695, 0], [503.5200000000076, 0], [603.5200000000069, 0]]
[[36.20000000000718, 0], [236.20000000000846, 0], [536.2000000000093, 0], [636.2000000000085, 0]]
[[28.64000000000718, 0], [228.64000000000846, 0], [528.6400000000093, 0], [628.6400000000085, 0]]
[[21.080000000007182, 0], [221.08000000000845, 0], [521.0800000000094, 0], [621.0800000000086, 0]]
[[13.520000000007183, 0], [213.52000000000845, 0], [513.5200000000094, 0], [613.5200000000086, 0]]
[[5.600000000007183, 0], [205.60000000000846, 0], [505.6000000000094, 0], [605.6000000000087, 0]]
[[36.12000000000906, 0], [236.1200000000102, 0], [536.1200000000109, 0], [636.12000000001, 0]]
[[28.560000000009058, 0], [228.5600000000102, 0], [528.560000000011, 0], [628.5600000000101, 0]]
[[20.64000000000906, 0], [220.64000000001022, 0], [520.640000000011, 0], [620.6400000000101, 0]]
[[13.080000000009061, 0], [213.08000000001022, 0], [513.0800000000111, 0], [613.0800000000102, 0]]
[[5.160000000009061, 0], [205.16000000001023, 0], [505.16000000001105, 0], [605.1600000000102, 0]]
